0.1
100
3.57614469005e+15 5413.73308945 4568.96098224 2.64207911648 1.19771215912
5.21904935018e+15 4557.93000348 2058.96865416 9.21946259484 6.3371250578
3.6093400479e+15 6616.14972831 6712.4264184 6.35394927335 4.64097979059
3.36391401056e+15 8230.66009434 719.336260288 6.18456723456 7.24949762468
1.78121585786e+15 9517.47780851 8172.32347359 1.07026035772 3.54157730348
7.86577493525e+15 8204.05404411 1521.13453501 6.12299983253 7.76183658467
7.51970075882e+15 1244.66202965 8145.64742807 5.42180405626 6.38218731569
9.30344080417e+14 5624.95677602 9887.05666869 4.54077669665 4.50171634696
9.31183246093e+15 164.324287914 8749.48758423 6.0933807849 6.30065016593
7.76716129414e+15 1866.23217881 2131.66555992 6.49875156665 6.25444401575
6.22454198265e+15 22.6825827495 5414.23059612 2.8775777799 1.22362025571
4.48032375426e+15 9679.52113403 5035.5871399 8.48219011813 6.3586376092
6.12183816584e+15 4374.10462601 257.897253773 5.7470656097 5.21655913733
4.88873427455e+15 109.402234218 8739.67950515 1.44861723388 6.93815806259
2.14509284719e+15 2568.39286921 3514.45912312 5.94892845366 9.66695129642
1.81683140372e+15 9526.94828596 8086.10648746 7.7858219815 4.65025142413
1.93040291135e+15 4141.09308066 8302.31578723 6.4383628484 1.09870053293
1.71091731686e+15 413.730393732 1520.66163073 1.71438158761 9.16494230432
2.98617844366e+15 2626.11292244 2509.66031649 5.46066954145 2.02648335122
3.09414046162e+15 4960.03919055 4063.46164402 4.49988543941 2.39140572575
3.67451395457e+15 7734.37142951 2545.97249509 5.1506025355 2.82504142266
6.94210571377e+15 7112.55715534 4366.90563396 5.56322255448 5.07336695784
5.47736906102e+15 7749.76100244 8328.56247753 1.87430934596 4.61905929842
5.57841276716e+15 2358.17897586 8330.14586556 3.20611661203 6.15615716732
7.99811681357e+15 9509.05006909 6587.26933527 2.3123493501 4.3349510149
8.31363388813e+14 3395.61232797 4680.17795428 7.65229383802 5.17549337252
8.72153206558e+15 5972.15765484 1645.72202543 4.44566504596 6.37549621696
6.88529599887e+15 4295.80269438 1761.76209362 5.15834202195 3.89676156972
9.06618306477e+15 3355.25325961 3094.95039674 6.10502323287 6.19460803076
8.43226811954e+15 548.966890553 8732.73517578 4.26864749565 2.62103042134
6.23986696612e+15 6452.45108472 266.886362163 1.53011797408 5.33672954267
8.20408222826e+15 6517.38094205 9205.03132511 9.35891352657 4.33580438328
4.43314952242e+15 5549.66693321 7040.41755203 3.07749013943 9.05830384724
8.33303677105e+15 2288.36819494 4341.16602924 3.54682734895 6.91235445929
8.28781176232e+15 1562.65950181 6209.32047538 3.71460138 6.82197768219
3.45249448664e+15 6763.67557611 9143.430415 7.40381278119 5.06883556518
1.08332408204e+14 9896.52967466 5935.49161759 1.56399105883 5.53143575121
9.66265418286e+15 5740.91306872 6769.98603054 7.58155143617 3.35974329839
3.96250411063e+15 2563.68151899 3718.37872482 4.53361151244 6.30367892891
1.45984174884e+15 6039.73305596 9271.07201214 8.6997143718 9.92409528359
2.10409519106e+14 5543.80650659 7877.22179748 4.00159579784 5.27202953035
8.73348617222e+14 2259.9583178 6340.95507854 5.56483110919 3.96758848399
6.66339698125e+14 7261.60600093 7744.31235344 8.72424878957 4.92167994589
8.34928484935e+15 5072.03687895 6487.33953748 7.11468090108 3.04649655304
4.66106291523e+15 3361.14035167 3286.52842 1.95692382963 8.34587567806
3.72847315456e+14 4971.91920412 8710.05296052 6.32212590606 6.01523568985
6.59615053747e+14 359.595038893 7568.07350673 6.85862371993 6.96620865201
1.92281842044e+14 4990.43540708 2.48182892389 4.86863441864 2.83239808827
5.37974691102e+13 1061.81426947 5200.5064703 8.23128140156 3.55382931544
5.55328411305e+15 5441.8711543 5416.51330297 4.80410343254 7.3386053022
5.59861164829e+15 2141.44341388 2043.73936197 5.81765251476 4.94922514426
4.91673469315e+15 1133.30532379 3446.2520305 8.7231217133 6.41064395563
8.42220024598e+15 9387.45252644 6144.93752386 8.36318345583 2.21026183836
7.11541156927e+15 7443.55349297 2867.09455546 3.01410006247 8.35401834409
2.4765997499e+14 2038.8180506 1639.6953814 8.09379353026 8.29482950586
5.11822705187e+15 7664.83209316 106.322473803 4.58589625015 7.90779598709
3.14384020769e+15 4948.7664826 9031.56517066 1.94956743799 4.6817328864
5.42705025484e+15 7488.58377451 4327.78796682 2.69054570064 2.92208656961
2.87224319752e+15 7.14615122445 8011.40685251 9.32229413624 2.12228339247
1.25485500872e+15 894.142311372 9681.80414238 1.69905268241 6.85964673641
5.88647020837e+15 5171.12709123 2966.63758268 8.21666119645 6.43073713819
7.9243157066e+15 2731.96170203 8869.00242105 7.99926247402 6.31376645598
2.99563316493e+15 8091.968232 8381.11608372 9.14489581627 2.26153885059
3.10120528092e+15 6321.25867415 8052.48992053 7.74164795046 4.60010698461
7.8405850104e+15 6404.52637546 1612.42434588 7.12502690972 4.12423467359
5.54638628434e+14 8534.72260182 5319.63727413 1.82209627767 8.70793409533
6.20224881503e+15 1401.56295415 2963.85023904 2.1230401518 5.79406237097
4.20619612418e+15 4426.63341581 3341.96351991 2.35839956699 8.6220194901
9.53904695472e+15 7075.70952189 9970.67290776 4.69645459529 1.2666677546
8.78347542996e+15 6118.83693834 9797.4093747 5.70796101033 6.91524162741
5.45271725694e+15 8643.73348714 85.1227197131 5.28987976328 1.96007411201
3.52754506194e+14 5156.93089097 8131.62503978 9.77887090254 4.1091699212
4.92746129299e+15 2053.90717916 5215.74801812 7.75185374972 3.51746178487
8.8606430627e+14 1056.9816441 6342.83586258 5.00559694136 2.65100926147
5.50774663569e+15 3899.68483044 5540.43534969 1.71335540901 9.24975115635
8.87601043039e+14 5394.31449479 7199.06286111 7.81891467418 5.58621120227
5.46262097035e+15 1125.84555229 3295.94946833 1.7645394598 6.67087239631
5.48566514581e+15 4024.92484663 1905.47991322 7.13979841595 2.42304468038
3.35772479354e+15 1515.57240187 1441.89678214 3.03068547305 2.13400631701
7.95701111159e+15 6368.27705309 5872.40154494 6.31423340233 3.08433945235
2.4993086758e+15 8412.61335353 6285.67499186 5.15569283312 8.08921102562
1.40816300009e+14 5058.49161269 4872.68901515 9.97544466774 9.1669588409
8.01316959383e+15 5545.90793237 4036.41945908 5.3782419984 5.4531153135
7.33134574348e+15 3091.57293992 8099.99789911 5.69372278594 5.04753929063
9.13624840135e+15 4064.10400583 7470.76403125 4.74554911737 4.3616171023
8.93360263336e+14 4532.80350104 1190.83783571 4.26672529017 9.78504272947
2.10940702283e+15 9809.49774634 7945.29688826 9.54036980576 2.10173271386
4.46096134594e+15 217.89292538 3541.92779324 5.15176888732 4.85513373382
1.49874205964e+15 3910.89212488 7797.91207684 2.82274236357 7.87623448698
8.36230886793e+15 4923.45838119 7082.49840754 7.05889144332 2.70796545426
2.50995221352e+15 4304.07769183 7378.05265933 3.29888793793 1.67543993152
6.90643578477e+15 8349.54135392 7327.9102123 8.84254969698 4.48116946552
4.71007808764e+15 719.40952843 4622.28230277 5.87795631808 1.02858652156
3.40353768052e+15 5612.96320752 3422.1030336 1.74518668755 3.13754230764
1.34337217474e+15 9365.58021508 6792.91682984 2.11940129276 7.51648974415
4.28599499638e+14 2128.70212043 2339.86798534 4.12655563262 8.79165288572
2.28947375534e+15 7716.19023751 7600.64290857 6.91943019525 9.27804246464
7.83996938227e+15 7644.4156544 5010.71564061 8.88188886556 1.95799106041
9.54416890349e+15 3906.33046832 6718.7654665 2.47849266663 7.0778769479
1.62333006747e+15 6908.02038454 911.285260611 4.21371621404 4.79737364406
4.03295853849e+15 2273.71318993 1061.64773274 1.96375776518 9.68817326853
8.41048386209e+15 7790.35066411 3467.15876371 7.49028547382 5.68311855736
1.62418262005e+15 6449.36361982 4345.89144976 3.3761155782 8.85649655474
1.63600007329e+15 8376.73386732 4802.49261868 5.79046888535 8.18627927832
9.7008780977e+15 9591.86491046 1699.92242543 6.84505336219 4.47484130532
3.17961971574e+15 1261.45999976 1972.11854568 5.10325189583 7.79942461517
6.04665703787e+15 8694.11213408 9697.45935616 5.98119349396 8.27287021713
2.33858129617e+15 9933.92057445 507.455563904 7.37967210846 2.63655257095
6.34154221665e+15 4022.80570222 6410.89414581 6.24420322526 8.81562592384
1.26742868114e+14 9159.01548928 928.785789571 8.05543339692 3.66425396187
8.44531767683e+15 3617.04900438 7662.6772702 2.77611887527 7.34371754801
9.25250272403e+15 6414.09319156 2354.71944671 6.54034537225 4.59161090871
8.75943186317e+15 9848.31179291 4229.73659808 6.92447936126 2.1993963438
3.37015989314e+15 8733.2329942 4601.45026203 6.5386086534 5.82424724502
4.42201185539e+15 9243.70183132 1343.2590375 2.62716165809 9.23256693937
7.66784770474e+15 332.339604712 3750.47745945 3.96813719903 8.77182285021
5.22346562355e+15 5272.68523665 5321.8386516 7.28449717926 2.08043312259
6.36575706414e+15 5014.24957631 2564.38768125 7.48253552252 9.3106365818
4.56268338924e+14 3976.00741977 117.847704186 9.89552049127 5.00758289181
6.46539460789e+15 5769.31898585 9333.39471939 9.42944003105 8.92752855871
1.39715982568e+15 8279.33442955 1895.65127426 3.03016090538 7.50300255786
1.94021267797e+15 9110.66912128 3683.68538889 1.85375230892 2.62653886823
4.69369678387e+15 2207.76008028 7575.1502243 7.40985451104 3.95505393645
3.3079778422e+15 5055.56207479 806.222460235 2.31625371479 3.72287011736
1.86233486932e+15 965.702486502 6425.57089676 8.23207801222 8.92216595852
1.31608822168e+15 557.311695517 1973.57572552 5.73636891423 6.34881228114
3.8232555728e+15 9057.86450154 3431.27896477 4.66180679801 9.97880745941
2.89051227287e+15 8305.37127658 3080.38729508 7.4760050776 3.48963254435
8.13094769902e+14 8188.09398312 5915.43111213 9.76675007522 3.28874285628
8.35617896462e+15 601.180870466 4688.97757999 5.28037862154 2.20135028059
8.5387389045e+15 6181.19849165 3547.89335573 4.73498686231 3.95811481982
8.62505443127e+14 3680.85376448 2771.16115841 4.46399484439 3.61109648548
9.2443821981e+15 2728.32228988 8538.81982201 2.498788225 2.68379201167
3.26582664515e+15 2635.6400624 8630.0250644 8.61142046628 9.10528724896
9.49422711174e+15 4337.40524869 5.72099122989 3.38902525363 3.71544815559
2.55120999418e+15 8398.63031748 4140.55410119 7.22432011876 1.1261691231
9.12103756167e+15 1990.75593389 8239.3253636 3.82534755881 2.31187182156
9.57593265767e+15 971.17467882 1066.25449004 8.74501798471 8.11124037215
2.53211722288e+15 859.310553235 3373.64072524 2.65132376101 4.54550111666
6.05068162208e+15 6729.53294473 9898.15149913 6.17778455508 4.23761707673
6.02988819475e+15 7023.74005792 7128.3804985 3.24519733917 5.54585277262
8.72118445953e+15 3683.99817002 423.423205104 2.40532432047 5.38322881028
7.4273114656e+15 2614.76455299 318.680383989 4.01317579839 1.18089086335
6.22202891581e+15 7369.02890495 3417.96489605 2.32143416333 8.57855544993
9.80906072775e+15 139.286628062 1252.52490288 9.5766071552 7.21604717405
9.35618958417e+15 7488.53441397 375.763464832 4.26950602753 2.35989579566
8.70494220722e+14 8547.86539032 6341.75281243 4.68115176662 4.53378761926
1.55374311046e+15 3930.23569811 9347.40886973 3.78777846347 9.17387280243
4.36193347149e+15 8983.26161274 5982.83122425 2.22484317147 7.85294187813
7.21179437838e+15 861.182076912 2785.16323829 4.06769503107 5.54526358705
4.83901073116e+15 1365.45576144 4443.7964845 7.23172380255 9.6689019725
2.2006253955e+15 5672.58751622 6853.11702684 2.25958717926 9.5039334012
9.4212589275e+15 9510.77269862 4075.54422821 7.28870420784 5.71601088555
6.26718595469e+15 5882.72806641 6760.17073726 6.82711082857 7.32176144149
2.84651815202e+15 49.4637727145 8686.24800574 1.62934476489 3.31049178962
6.44129947656e+15 689.148196174 7787.84185703 9.73539643517 7.25215510984
6.25756906367e+15 5482.46502521 9193.09236127 2.09694759244 4.79809964118
7.21283864895e+15 2990.42815733 5674.79382838 7.16876023282 7.65256421234
3.35646090463e+15 224.860674214 2695.39325678 6.1334080793 8.23041405552
5.25200569921e+15 1930.34669457 6713.80565655 5.34827932839 3.08558790784
9.71465759428e+15 6314.07277853 2119.04440383 1.56295802908 8.163161245
7.7107832353e+15 8126.37036486 528.987762043 3.82211880124 8.83054440848
7.32050663274e+14 9423.16466921 5154.73840649 2.05689278389 8.98196835912
1.2090777708e+14 4597.09066851 3232.29095947 3.69853653108 4.30651108542
9.1102593402e+15 8438.55106764 1259.75969955 6.92704670148 8.45980127953
8.28140393922e+14 8891.62646909 3654.81606103 2.55217232003 9.25757177285
4.11698321631e+15 4812.88686951 6235.08690494 4.97022208258 4.38954924233
6.28407542824e+15 9233.50931461 2087.04348844 1.25694698272 8.62348488667
1.91054202748e+14 9457.98899697 4554.71262509 6.54792650731 7.96054263452
8.25584743941e+15 9541.9387962 6970.63242604 2.77696853476 5.79363964358
4.47134608014e+13 2773.01395952 3043.17785371 7.51236954118 2.20441404784
8.15300816778e+15 266.311803244 2781.92631191 6.42227636476 1.74479916138
3.6343885972e+15 3627.03850414 6888.99507156 7.53614709582 7.91752165325
8.2478559943e+15 7422.43680312 2528.3166696 2.34704555586 7.98484378157
3.01098201644e+15 1936.75896851 1632.18241381 4.60827731964 3.40878542241
3.19925777541e+15 3070.59732317 238.827120888 8.03232210876 3.48647715951
5.13862548182e+15 4995.01900403 1164.79747636 4.38440995236 7.57427652577
1.92431305653e+15 6551.97872301 6974.98863703 1.22901661744 4.3635566082
5.52801489954e+15 5075.3138739 6188.54631353 4.75507171933 8.50198720775
4.3490692505e+15 7072.93188879 469.165544193 7.30055377104 4.42744071133
9.23873610997e+15 9948.24766161 3790.84072817 2.10591747744 4.10367890597
3.67676685984e+14 2393.92106323 8280.54862085 5.54810598914 3.55100350898
9.41105020981e+14 7830.02085201 9821.73209743 2.71086576585 9.31147657543
1.8179041688e+15 3749.60731076 5037.47063667 5.70256570861 3.42114672376
1.52291601367e+15 8876.1772514 8578.37418544 1.63571277587 1.28308281578
8.61684294847e+15 633.191992322 2653.9754109 7.70988866331 8.19415419543
5.01380531849e+15 2599.40486364 2423.58473014 4.87362005678 2.33613254156
5.94817622235e+15 9634.55297348 9606.23877272 2.7186218682 3.3832558382
9.64700422493e+15 4855.09732891 8126.5428582 8.1506822025 2.06188534333
5.55568372509e+15 7430.41855763 3685.68677186 3.40521259948 2.39435333965
3.13902225252e+15 3045.16041182 1317.48225767 1.74367876144 8.71285952882
1.84930248976e+15 8718.96049507 3666.59627272 3.54111731725 9.55221251525
2.35147886405e+15 2961.23366289 2420.91171937 8.73407469096 1.34671780779
2.51030976899e+15 6703.93033591 9854.91216008 1.8957577812 3.56289398724
6.47628472574e+15 6229.02112053 3906.18162104 5.38543252522 3.66194425901
9.45857731067e+15 5741.65801956 5194.12383083 2.4498945293 5.57464404536
2.92418844951e+15 7685.88814239 3424.12324483 1.90889343149 5.19717260469
5.2977537361e+14 7740.51944184 8234.43130852 2.1814612518 9.13639789124
9.61318844101e+15 4437.03715162 6581.86811612 3.39921639696 9.45963801797
6.26461416995e+15 116.437843891 6740.70375406 5.08074468229 4.10147183298
5.35655679922e+15 7547.30976741 3666.44000793 3.29634674036 9.78149200879
4.57690791967e+15 7704.70446452 6063.44162154 9.49075027649 9.67863603054
7.78569406187e+15 250.809572207 2294.31104828 7.63286087001 4.17297317211
1.31328371118e+15 4182.33956715 7813.08441017 9.14973994967 6.739764792
1.67805525771e+15 8938.55395553 1383.84428242 4.10812727911 8.45835052887
6.4616885229e+15 176.451999453 7918.82888412 5.25725847612 1.03380691469
4.731613762e+15 3878.62051105 8077.4431631 7.19798694542 2.6261374672
2.0500232798e+15 9472.14759907 3505.99575389 7.99272010515 2.85419779781
5.08508655736e+15 7653.05226161 7018.55474654 4.27004110246 3.88780416277
4.0822868815e+14 2309.67156265 6319.72994142 3.70366727799 4.69457396031
9.62006930557e+15 402.924358398 608.989789509 9.64177019802 8.42767789711
8.91401058501e+15 7869.97272603 5169.17893524 9.10635489218 9.44841761957
8.07124966016e+15 4057.39598124 2668.04060709 6.02273551074 6.92036120885
4.12906099501e+15 1981.05835694 1674.53407155 3.37244946884 4.20189518147
5.76271003017e+15 6315.62733081 497.801539171 5.61160129999 9.37454791403
5.35229763437e+15 4896.7434213 6088.68064292 2.60211259853 2.90564376346
6.44499521724e+15 6239.13283756 3550.37024092 9.89489268691 5.00778621848
4.91858803064e+15 7565.52477291 6597.96283065 4.12278218133 5.7590366923
5.73503502779e+15 2545.22355746 3034.034064 4.98596198983 8.40219909969
7.51963606132e+15 1641.14924236 4530.59857566 5.59444485346 2.47938419035
3.16373399259e+15 8931.34082969 7338.53142338 5.23744676173 2.88839502686
4.75614632118e+15 850.95762172 6582.98531942 1.23912589106 8.65091466773
6.87275721817e+15 981.488184566 3931.61633972 7.12937298092 3.27084714163
7.55362380558e+15 7759.33497911 1510.92561531 3.53311198832 9.68043944344
5.13572020388e+15 95.0007618045 2162.33929141 4.93026712159 2.57046815611
7.94095567861e+15 176.151765155 6280.53818721 4.75931734755 2.61125756133
4.28970834466e+14 5065.43844148 6104.20635626 3.28144927035 7.76871448348
8.92737122668e+15 3511.74754716 7026.81935195 8.62579535842 6.57446018024
4.90843429734e+15 4235.02879441 4108.9681026 3.54029783606 7.43560224996
1.64108043912e+15 9513.92864082 5414.53211482 3.02347053626 7.59239285177
4.53617603838e+15 4970.82460707 2954.54419725 7.27658948291 4.11510081844
2.1611099789e+15 8464.41172171 3998.9522783 2.18647193794 4.43745329026
7.38818319751e+15 2651.18323144 5840.81447411 4.83694551721 9.6025863232
6.18678621189e+15 2746.46935298 5897.08380964 8.04164840391 6.31138552994
4.04176780585e+15 4358.53487464 1591.29776941 9.18564960884 7.94832895074
8.98959608231e+15 397.746003872 9970.01859688 1.01694517232 4.88384599688
3.68173881493e+15 9146.57307737 1904.88636083 1.51587553935 6.40967607595
3.05920163669e+15 6056.62928819 9718.34052848 4.40903291603 8.13961430709
4.52978074421e+15 2861.48237934 9266.84501102 5.41720499148 8.10149406477
2.81224438382e+14 6969.48469918 8034.83386824 7.01035126651 9.22781410196
9.28593035461e+15 4306.28907804 2445.70270599 4.89489174647 8.7303184554
9.79934047946e+15 9852.61569312 9674.88569167 5.12867951509 6.87588354479
6.18448152753e+14 6852.74219084 7488.63260172 8.04372900152 2.74418129176
4.55069945697e+12 5330.04367981 6777.15299383 7.40446402866 7.7443223052
3.2875320666e+15 6231.44310694 6157.37284424 9.23448933747 3.3142743235
6.4848240329e+15 8974.23449022 7173.95987723 5.87164167425 4.89416017579
9.54480284422e+15 6070.29328128 1899.72381443 9.62735062942 4.3226135889
4.13460312666e+15 3806.59639422 9819.65938286 7.35897475326 1.85518655782
9.54363370614e+15 1895.92003408 3058.17095367 3.90515766186 9.2109137254
8.52800001081e+15 4950.38644412 3586.96016735 5.57086549592 1.50452874532
3.54428657601e+15 1555.9699108 21.1843999887 5.53200599481 7.60102047107
3.38493673473e+15 3366.27733817 9692.27184592 3.48788193873 6.3205252889
7.07071090801e+15 5704.42859417 7370.12300557 9.80319650975 3.31154908632
1.9700176079e+15 7190.57941966 5757.92248131 4.61398684005 8.64571302001
8.67948521102e+15 8773.43173271 9362.07148377 6.61565965375 5.58011594222
6.51129755138e+15 7408.43269425 4193.86837121 6.81314289356 2.625128554
2.69135826623e+15 4653.13406683 219.206098611 7.93434961862 8.7185340194
4.96133775286e+15 598.692308726 5485.15796571 6.61685654236 6.7939286711
9.85554311489e+14 6246.55159391 1086.56572707 6.77038394038 4.14743069726
8.92466069366e+15 5211.05037719 4514.52963813 8.44102083018 2.6070221044
5.85880523051e+15 6172.60622095 1164.53249193 5.33458762216 7.89377904428
5.18285493599e+15 7306.28484893 7352.11259375 2.55645944823 9.47450588253
8.55622542812e+15 1509.52902272 4879.00506217 2.9616674992 2.95531688404
8.91220792851e+15 8031.98338008 2668.03852487 2.44536555873 5.86345651423
4.71893302896e+15 2037.43005093 7972.28416577 4.77400967552 1.57215397223
8.41728295163e+15 9676.29848698 6894.08908661 6.63130347792 6.67808004
7.88676831372e+15 1191.31360244 2510.52000005 4.56741874158 4.735924251
6.76202878278e+15 2243.34135877 651.056200773 4.38566527438 8.79718109236
2.11645433824e+15 9257.45409987 5566.91011839 5.19152963182 1.22157548214
1.65389303508e+15 8517.8588264 30.9041978708 4.94967397031 6.62363857315
1.25277922065e+14 9244.89356238 385.364325131 7.26899694402 2.47529814338
9.07651163819e+15 7665.23990718 1822.37949337 1.85398387524 9.22937160815
3.78191007377e+15 6717.30896323 8521.8993215 9.41784954625 2.53935610812
6.20519947765e+14 1699.24879436 5639.69893241 6.81078148017 7.7971270299
4.41268030223e+14 715.310153439 307.15259481 8.9082799341 9.82542848897
5.14755751731e+15 5782.60242014 5633.62963574 3.94330131344 3.19116343643
1.00238461995e+15 5632.8173454 8185.28148809 4.61843415227 1.58983514563
9.22616384992e+15 5381.75042565 4767.63351469 4.41943052386 3.87046781719
3.76180287115e+15 8390.87868482 3908.21717299 1.82283254929 1.82097823871
4.73874344106e+15 8599.10182508 3412.39189316 9.24001788482 4.67231390689
9.39585993428e+15 8702.69691232 7625.56039839 1.87447246154 8.52498621169
3.89372434699e+15 5439.81056307 6590.52038645 5.29147313749 3.18580975511
6.10080901178e+15 1118.49850884 7461.95035746 5.34243415508 4.75430683415
5.77923189337e+15 1161.00084148 5332.82473918 1.97468518713 2.42077536322
1.85944431108e+15 4603.60691346 6363.78122316 4.12542393563 6.16398706111
8.64761383947e+15 9138.00697541 1025.30367852 1.94454759096 2.55536814452
9.11639694757e+15 7036.29863101 2908.55592939 8.78085834313 2.58226687403
2.72332388496e+15 5376.01896146 2447.07560621 4.64209634173 4.79256198545
7.53055168637e+15 2812.03044369 9785.92374789 9.33554727351 6.66572586612
1.8951602538e+14 3955.4696886 8036.38221526 3.49118614475 3.13636216366
9.2333579722e+15 5120.08120762 5315.04749679 6.11115951149 3.08932565224
4.07217163034e+15 1915.04712089 870.248833011 8.74194878666 4.12817545603
2.53246400631e+15 6631.26800725 4121.03136143 7.20540916913 2.94784610287
4.59363116853e+15 792.915684109 5887.3102662 6.12599395202 4.60922506617
3.24555637255e+14 8203.69665948 7966.56665848 7.43554728065 6.55584775774
8.96691776142e+15 2718.07212542 6086.4256932 7.26285497023 7.26729819125
5.75377840248e+15 4976.16022772 1550.83632518 2.47971822562 8.08788342504
9.11802840415e+14 4998.77311515 6664.82769591 1.52195365186 9.96774495312
9.33121961411e+15 8629.99729793 7196.14033548 6.22275164058 6.62195448255
5.76005729497e+15 3648.58090345 3941.14344253 9.93009739015 5.86670090534
9.49437705735e+15 540.823959211 2655.1765639 9.22425299209 4.27044175085
5.65272751316e+15 6415.05533577 6030.77218407 8.36639465031 5.08835830574
8.35982279152e+15 2477.89132146 4121.70954535 7.43668612099 5.48303893067
7.36065083857e+15 6899.14288002 7604.4056975 4.46437663142 9.32628483873
9.49335265476e+15 8848.12196697 8050.70566676 9.03697809633 7.55383063522
2.2137188117e+15 4975.70437388 1488.07101503 7.01768186352 6.17374970989
1.93119989714e+15 5391.16169049 275.979427769 6.04150122396 4.94292004018
1.38216043983e+15 2542.59785041 2141.04100173 6.57522208963 1.29216723099
8.77514284144e+15 1367.05444321 4267.33714002 7.98596200252 3.64738745468
5.59066211748e+15 4651.09641314 4260.31446226 4.49911611742 3.36055134534
1.23507925449e+15 1537.96304693 9399.32848819 9.52380761646 8.25660338319
7.41373115013e+15 7192.73782731 196.340736704 5.24473216436 4.19110262675
3.10339025816e+15 8771.97660998 7309.072375 4.13695711143 6.39774395357
7.3336801315e+13 5121.85691741 5364.44162838 4.6953827858 9.34839993495
6.4829536434e+15 7445.60129696 8802.57543212 7.60535898725 6.85833073044
8.89232278967e+15 5526.76955019 8098.14135083 8.38483037955 3.09128218882
7.08563970696e+13 3646.44738142 2858.5314847 8.71463549667 4.2005656871
4.52800677997e+15 1295.76083084 5174.84677039 7.33348879647 7.66125933997
7.46322572546e+15 6808.58613837 383.154933997 2.9449113644 7.31438734897
6.57281902514e+15 3805.91914365 3129.09406503 6.89987052704 7.17551974214
2.52874588616e+15 8213.9407307 620.872404981 8.72972610875 4.51476374322
7.03510755463e+15 118.301323202 6595.09875074 8.67424897394 8.13077210539
1.72636577416e+15 1454.95796814 2857.98712242 8.62746041265 3.51567933226
7.19379632695e+15 5198.1624901 2139.04021281 6.92984292065 2.08792521431
2.62970924516e+15 5920.20976753 3692.3050874 1.92744022124 5.00671103401
6.17320486374e+15 2659.34747211 4.60704120747 5.26929639768 7.66825645103
7.4540621829e+15 8042.44176049 5480.85839594 7.86626557737 3.61286051958
5.07657667277e+15 2265.83073943 5741.20052971 2.77432271333 3.67922079366
9.60912087915e+15 1249.27210207 6310.54606833 9.7721500721 1.4252767691
7.4427233231e+15 2854.35784288 7444.77526259 9.06427890923 3.0115323661
7.53868601173e+15 4928.82881555 563.557081701 9.81882898888 2.42505646025
8.9464212043e+14 3629.9786984 8317.72632657 5.57518111337 2.8614407412
9.71933126655e+15 4647.71142301 1945.22611367 4.84328021172 5.49138875002
8.35192837281e+15 2767.5956415 8415.52960486 4.14651223011 7.05055178507
2.92576995795e+15 7268.60014477 1576.0906532 2.81196501893 3.17345116617
9.24606873505e+13 8474.9524515 4901.55347445 5.22472573952 1.80768832232
7.86941516649e+15 3312.34472083 8571.61987162 8.82469211586 7.89461112825
2.50569952639e+15 5045.82757097 7618.22761962 8.24200425336 3.48975743605
1.78848180207e+15 4591.56082694 8482.08958516 9.88056135979 9.0561433698
5.62661309568e+15 2604.71108083 6816.65658438 3.62223469868 3.16689162041
1.80524400293e+15 9682.87541858 4007.20166179 7.18721868248 6.62196649565
3.71548495656e+15 574.609029235 5682.84425686 4.24250481955 7.15613639969
3.78882482517e+15 3466.28587882 639.411627623 9.32310946726 5.57178750651
3.56205751578e+15 5096.66046607 9633.34196247 7.00448374416 9.20113949582
1.83205767811e+15 1879.13654612 8650.60699332 4.79001454398 9.54703993828
1.54861471402e+15 591.320313349 6008.42196773 9.24626556996 8.41700208777
7.59883262384e+15 9408.17260616 8682.18769801 7.97557007781 5.97604682654
8.46304302493e+15 348.086415934 5251.15324834 6.39302724496 7.44531625256
5.46872529579e+14 3203.62527171 7588.49265828 2.13774384079 3.99782847715
6.95641339581e+15 2496.55541578 1218.41416205 5.97721413073 3.78949815422
3.52941598268e+15 6805.28154125 4606.24270628 7.10349822631 4.18772893656
5.6628117822e+15 5083.95935944 6646.83207774 9.27747072902 8.56829299902
3.33517473984e+15 7859.18913972 4320.64602093 8.24518260793 2.23027435342
8.13436618503e+15 3595.20806519 7524.26997198 8.45530600353 7.0909047029
4.56007208139e+15 8131.87511836 6832.01441972 1.8165439344 9.62740872081
6.24812552772e+14 4388.14777409 9458.06989147 5.85870482408 4.41353912671
8.14072334795e+15 1373.10963316 9902.25774268 9.6184294814 6.95881977638
1.17981235693e+15 5719.41154513 2297.77145456 7.22739767759 6.96122447722
6.24315319557e+15 9112.19783827 7656.69878367 5.77807843105 7.58810279332
3.02759786536e+15 7557.22165452 7817.85572334 6.89112098766 5.78200837528
6.72637963754e+15 5525.74625876 9107.47066591 5.20335106284 8.62000568377
2.95974371576e+15 9081.12371761 6871.63483931 1.14141958928 8.7787778229
6.04547991822e+15 429.576307081 4121.62798929 4.27453642964 7.68013252901
4.01203995409e+15 688.40781669 3648.88208369 5.86514812657 1.82375786235
6.53755068181e+15 3855.52365729 3140.35070223 7.92868112352 7.44710240103
9.59698140604e+15 191.921313613 7237.04050944 9.04985693375 1.29935571236
5.80855107228e+15 159.32106913 7588.38364561 6.82316135537 6.21021804596
9.98039269463e+15 4203.63455313 1222.2786169 8.66441761729 3.63881729919
5.38297137505e+15 2199.86151643 3733.55055158 8.99902497943 2.59984447202
6.24572762818e+15 3408.3561339 5323.45752486 7.64503419652 6.7182169121
9.39614168742e+15 9136.8593461 3381.86628314 1.73706068693 2.16410864282
5.22717847554e+15 7987.84120475 4754.62908197 9.25592677352 3.8320671592
6.36224691246e+15 159.886846591 5268.61091925 7.81988887022 2.13021311548
4.69744401134e+15 5793.36401282 6781.87753572 7.11712556374 8.55836074859
1.78374762247e+15 9101.22097245 7621.05924869 2.51176976979 3.10116071334
2.5413008647e+15 8125.60442834 1020.16970589 7.49695695372 5.28625619888
9.96206190008e+14 1012.62105963 3141.03767469 8.16735871254 5.07461569291
2.41280103133e+15 3504.48347552 481.937530926 6.76644332794 9.36028936218
4.02883688891e+15 211.670727652 2149.30516947 7.61019170723 9.57185681114
5.90559231099e+15 3169.67530142 1504.33702284 3.88171410197 7.33542357731
3.6733271112e+15 373.472380086 5758.42370949 2.38192207885 2.15990703595
6.364844344e+15 5993.06498377 6624.64977411 5.64827979363 8.49697320367
2.9376930079e+15 7636.82352645 5944.69326376 5.04906125517 3.52724716577
7.03769622623e+15 5070.39399811 6085.20935389 7.63655699706 5.53316334463
2.61594223607e+15 3894.19851254 6729.71695841 1.33685989673 4.64319185013
9.06725410799e+15 6306.38822294 8770.95124901 7.21046774052 2.78164574263
4.45118200049e+15 3156.0418832 6017.72848363 9.46702326615 5.69517957456
9.65186238451e+15 9529.55366234 3294.0104649 3.91151760272 4.0989783757
6.49148333558e+15 496.501715753 5564.64983517 7.32083041298 9.26415817261
3.32292200452e+15 9527.1692701 8663.22768349 1.34296642221 6.39221586249
2.79804405166e+15 4020.44075531 9160.33213768 9.35656085939 1.71457950433
3.91987429798e+15 2381.59097787 2454.33595337 5.31386191418 4.17669164166
3.60795394575e+15 7046.27928107 771.156237156 7.3194887585 5.02483855499
3.17352204773e+15 6373.19306238 3125.24999263 5.81473691478 1.26561013739
2.10402268515e+15 4565.84794541 1761.07070872 6.79101664813 5.39810527039
2.59831151659e+14 4539.77011573 5658.73108052 6.90780011081 7.80432740446
5.82500079719e+15 602.011306162 479.387427074 1.14727477034 7.2540665073
4.86290993489e+15 2798.06381988 4229.42821831 4.15480550698 9.61256951878
3.16524373851e+15 56.6450070274 1057.34499701 7.83189825472 6.41569129401
1.01493448435e+15 1886.67260858 3481.60250881 6.63911164042 2.89741351974
5.43184993108e+15 6940.65303169 9186.68861445 4.11609451111 1.85637614615
9.14821236051e+15 8404.91982617 9130.45284985 5.53038351677 4.83121211175
4.55991954497e+15 5314.93509665 4695.97130666 3.18605050366 2.69103306741
9.26806226591e+15 7241.25477579 3228.79571913 8.51227460441 7.68260535947
7.4494082636e+15 295.362027831 3607.09951403 6.29695993606 3.59823352265
7.02458562332e+14 9225.37521071 2952.47068088 4.8152595082 1.30817014591
5.80032051761e+15 3711.83013744 3771.23011964 4.74249734673 7.87599297992
9.26869613485e+15 9095.14929441 179.058154312 8.06053035366 3.55192721343
3.32498880939e+15 3323.73489274 3824.27826767 8.5515634238 9.63716747653
2.50367119286e+14 916.404058533 9579.73228668 8.91908131628 7.64033097228
9.00377325977e+15 7139.90728848 6517.93697005 8.22050914519 1.40830857931
4.01130191873e+14 3073.94298561 3081.39383996 2.92942015876 2.26179401683
4.85864359871e+15 7893.89660364 2631.00929971 6.32646297217 9.55940429368
5.69075328609e+15 332.952108475 295.356170891 9.88688879341 8.06675455151
5.79238801514e+15 3502.71873366 2939.7542811 9.90211203586 8.2704570395
9.61907382688e+15 4625.12900826 845.333249 5.10572499757 4.74452382504
9.44163177094e+15 7979.81963089 1297.3006477 2.69797720541 1.37009637251
6.16301121154e+15 2356.40713314 4401.05428216 9.64481629808 3.91596494572
5.92043743531e+15 9474.05504379 3234.14108618 5.49071088211 4.25182290886
8.10897992907e+15 4973.91129969 3717.31044059 2.38296890432 8.35576887303
7.26058867355e+14 3011.57847252 8962.70446812 2.0986219153 5.63915608842
5.18687449721e+15 7712.44254385 2646.29236687 8.31523730113 3.3228174602
2.2320925711e+15 4030.56118807 2397.96231759 9.37374832519 7.30388526866
6.08544217618e+15 8092.64253317 1340.71867955 2.54060054744 1.32314045621
2.0613432124e+15 6320.12314963 5556.96419713 8.37693731782 3.48542708082
8.55178224963e+15 7274.27275398 2811.56150835 9.96080780673 3.02218230057
2.55110437447e+14 2152.52934084 5526.9172496 9.25459563313 8.33698632268
7.57864059558e+15 3691.1756301 2631.79307562 3.72855368211 2.52748366219
4.9590260071e+14 1760.75752792 7805.91990204 2.56597034276 5.48912704519
6.55056323703e+15 2952.63612716 26.6981975862 4.99019115665 4.28069323852
6.00691897194e+15 8556.1307686 8799.46698072 4.5854153677 8.93298738875
3.85456980092e+15 6668.10567948 6877.5560358 1.24042550092 5.0495686481
2.77429206626e+15 9658.86903823 4681.21802885 6.85519569725 7.18516662211
7.84562736162e+15 9254.25535706 7260.20004064 4.83340890764 3.87238564878
5.18045162752e+15 7107.25436121 8979.04794638 3.83585990834 8.30762838224
7.48974319118e+15 4101.73782384 9784.87933365 5.61647587049 5.93880931275
7.35153579311e+15 6494.77450181 3437.00900688 7.38978574157 3.04167737609
8.5414221328e+15 9867.74887736 409.985665238 3.85226229345 4.84734481152
2.22449210419e+15 7145.73876077 7658.21609877 7.73826860105 3.32784693874
4.58875080184e+15 5430.61270623 4567.94909475 8.86589384159 9.28115846627
8.32542516834e+14 7002.57246913 2384.9131971 9.08492808242 2.81820499617
1.56769166695e+15 6373.93118194 1968.07871323 2.07569923558 2.50851857473
7.58623340503e+15 1213.73611577 9112.79753188 4.87154854927 3.98121929324
6.14803971277e+14 9526.9156779 4751.62858442 1.47581250387 5.54008332256
1.61795878755e+15 1330.33538797 9825.98623741 8.50659586922 9.78320204088
9.80448288122e+15 2969.72631363 1368.23912572 8.20820765019 8.8620743055
2.85947974795e+15 2781.40452569 9105.51360736 6.07531612705 6.23226646267
6.97218709454e+15 8214.85827218 7582.8885487 2.42798520403 4.36960969781
2.9048614582e+15 8684.7047678 7068.99990275 3.95530002138 6.22995749414
2.60462260905e+15 3938.41458713 6253.51698372 2.03517577214 7.26405823807
6.24880566241e+15 7163.66681192 6000.95155642 3.22341320614 1.25657566739
5.73191837542e+15 6453.96285175 1667.17703006 7.33962459409 6.59429739111
2.89477014092e+15 8872.73790359 3197.7386731 5.2412423653 4.70833895911
9.35172681371e+15 3565.20559286 6445.27744768 8.67124490163 6.2709154404
1.68189647044e+15 7437.15445082 6259.38386151 1.64784347187 9.4858629738
1.96014720722e+14 4468.42900844 438.036587399 4.04661752218 9.28120247689
8.25496953712e+15 8945.65484544 3036.80264881 8.90697448796 6.48494964594
8.62568004028e+14 3354.87900699 4518.34042165 8.68504836977 4.934362793
6.45235930269e+15 5717.58219951 6155.10398106 5.33153010664 6.86942725009
7.07239653612e+15 8690.9399209 2888.62275582 9.92974246588 8.28451138933
9.60379723429e+15 9009.91493789 635.048930092 5.3840972004 2.94066342614
2.23486506848e+15 5751.7359048 3827.45604841 6.84351028221 7.26144641761
8.63185185537e+15 8996.93730763 2287.63187424 2.97578989111 7.07534643292
3.88893556953e+15 8070.64880668 7604.86957094 6.88962045861 7.1390818745
2.0539796233e+15 8627.1621799 1390.98970564 8.44274319616 8.99536918919
8.3127454652e+15 7943.46217745 6701.11519841 6.45760322528 4.86313882866
1.87700392709e+15 5780.62000754 175.260496653 5.81788648594 7.48661208039
8.95438746617e+15 2992.18432006 9737.06700121 5.18913322322 9.31238450928
7.14477322417e+15 210.796812112 7375.97038584 3.48485065942 1.6717713269
5.80651706043e+15 4229.98606773 5306.97177746 1.00317061637 9.20884609425
5.51974739965e+15 1850.95211313 8373.31950111 9.96880063429 3.60916787997
4.83616574954e+15 258.485711012 1393.02278051 4.7885977752 7.25062320129
9.30740662797e+15 8914.97083787 1001.9636345 5.64563985711 4.77100025034
2.17409618206e+15 3630.53379608 7525.30912031 3.60922566363 2.1877167959
1.75046290119e+15 1965.78513696 2655.85663995 6.07288679642 6.34835027697
2.154247828e+15 6263.15254015 959.856083664 7.32808531064 4.91834350425
2.1151601011e+15 4554.49458777 3557.90912886 3.62725117842 4.7727380627
4.82358672239e+14 3677.86911825 8285.2130957 7.52541758425 2.7788709488
7.83542141564e+15 3896.27438325 8788.45068942 8.20659071553 2.95208663486
4.58419933356e+14 8910.33243689 9526.59775947 8.78484590147 7.90431807154
5.84922657102e+15 5103.33820501 2955.03502622 5.33692913366 6.60409204775
4.65347406047e+15 4656.74734441 8889.76660818 1.34555327426 5.61214928414
2.57098926455e+15 3081.95945396 6215.66628739 1.54431701933 6.37484535257
9.63876931065e+15 7718.40682246 3068.0381751 3.80366640649 9.99835332319
8.02248527569e+15 3815.53210414 5061.61376389 1.7928549736 2.56796371346
9.51502820424e+15 5826.37051893 640.186533032 2.26123656318 5.25796061408
9.59157903866e+15 3595.38192098 2093.24115916 8.86935273686 1.37478193528
2.76847447351e+15 8362.63065715 3214.53508822 7.43915430411 6.60825301941
9.67918327896e+15 2874.69212742 2363.42437338 7.25610360842 4.66421036622
4.9658638199e+15 3824.79269756 4504.70586779 8.96550008537 4.2173621429
3.93974438553e+15 4062.20307514 1978.78138671 7.87682501075 3.68936340481
6.424777527e+15 9980.39772158 4571.61992209 4.41239831881 4.73277194354
8.03805199727e+15 7212.34849538 559.507729287 2.46222929345 3.87124235739
1.00400062075e+15 1932.26050509 8142.69952105 5.36285674742 6.89280094367
7.29321205176e+15 9032.40286303 2966.29142496 9.99616724611 9.12715508994
4.88185244532e+15 1892.5620618 7222.69050625 1.80048042659 4.21963683292
3.14234929053e+15 3024.94643424 648.216500944 9.06890248111 6.22931709794
3.39271953857e+15 3930.94995095 854.5423969 6.48147654238 1.25356046451
3.52335134842e+15 3290.22973093 1411.81520682 4.50859597364 3.28190113947
1.11595467656e+15 4043.42298483 7451.2888108 4.86916927379 5.42660054781
4.35410400581e+15 3688.11423984 6306.72982377 5.39375796068 7.19769956497
3.62621291421e+15 3959.19514602 2688.67495795 2.46087742467 7.68369822996
3.92288085893e+15 8955.31583588 951.000278528 5.711703363 4.18066966454
7.50894622028e+15 5206.50213988 2559.01082462 4.65410725261 5.47822653928
3.12151783725e+15 6975.5581343 6603.94468415 8.86513216492 6.22407189021
1.68104693574e+15 4122.7707707 6756.44067641 3.22828490365 4.99364233196
1.12946225521e+15 5717.49657559 2130.55974798 4.19657202947 6.74344613938
7.37833835662e+15 5768.8058027 3640.8721758 9.68900713845 2.99184757888
1.68911978208e+15 4455.13843606 7097.11285253 2.49662541065 3.15841572115
8.37873270772e+15 6660.34876449 734.158535478 5.64486264019 5.68988333154
9.59652710175e+15 781.405315986 7045.13575989 8.22991503975 1.99867368752
6.3593049721e+15 1901.70475605 212.188255459 4.01615608158 1.62512470322
3.90950165036e+14 1302.77224885 5864.44210546 2.65431778966 7.78925587653
2.80897857419e+15 2218.67210641 2248.57570554 7.83335764077 1.97160209005
5.21028059185e+15 2085.71052951 1117.95301181 2.36499286706 4.68163691061
5.51739362398e+15 5917.25095931 9923.39957376 2.53040655521 1.33816150946
9.95356358918e+15 5411.13636359 214.71161852 2.73136032708 2.91409329989
7.12275101287e+15 2553.40078729 6969.41097296 1.88833187589 8.76740966723
3.24263669941e+15 5239.43958242 9449.79454617 8.15267930924 6.22756153837
8.87505817075e+15 5554.40144736 5002.31351615 3.86671810033 2.47636370104
3.51536029787e+15 449.831504928 9959.77256859 1.92881531645 5.90628437944
8.26090470812e+15 3510.56415582 6435.54386394 3.96701931958 6.17747352949
9.98609879652e+15 4852.13708542 9986.52201075 3.49037267037 8.40000894948
5.9659726185e+15 7098.74455001 4474.16210738 1.99316888753 9.835708986
9.11055903181e+15 5107.43739988 6995.40014762 3.734350004 8.52250020358
7.27800327871e+15 3665.52135946 5219.13920578 9.18309030964 5.43993346754
2.36007087283e+15 1995.67845425 2124.78545727 9.9890822397 2.14147764571
3.90589707828e+15 5049.50056593 3932.04259088 7.44352553429 4.82519704601
4.45360891107e+15 785.865117509 8422.77564004 9.39695947318 8.10716786963
2.76919865648e+15 7507.17020604 7181.7704468 7.11082144922 1.52079991833
9.77473197811e+15 3231.67151172 4811.50426342 3.63637007826 1.99937967784
3.96279523055e+15 5381.3579367 2352.81876071 1.23883738324 1.21215202741
5.98894384373e+15 4210.91190295 1008.07008021 1.13933257108 1.63306355823
2.62557087145e+15 3024.3844779 4185.64278341 9.21322901008 1.74872661032
7.03709703097e+15 630.376621364 4730.76713433 3.35015336511 5.95787128241
6.9692202903e+15 4008.83183016 8663.33147475 5.60515174037 3.13839073573
1.2004964743e+14 3261.27663722 5642.18078472 5.77495744249 9.89452140277
6.70499151839e+15 8142.84781865 7392.15325981 9.98343935798 7.69864047584
1.67930518541e+15 9102.28135938 5419.50287324 9.11147546133 9.97833701143
7.15491137509e+15 9125.80532598 1383.43844097 8.42681457565 9.82205755573
7.04951999037e+15 3841.69316956 6862.25763142 5.92328325978 5.7003052613
8.37273078e+15 872.828520923 5992.13362302 7.97264435274 7.90831959999
8.41200807056e+15 9683.2699557 149.927488137 1.78895234441 8.09582999984
7.70318475433e+15 6805.58525097 4852.56308067 1.21082715397 4.83576723499
7.70649795847e+15 3014.55654485 8548.72738125 6.26732433161 3.14256409067
8.73337391413e+15 4264.47133714 1325.61619067 1.69807767853 5.30826921316
7.56021059238e+15 3592.56572249 7681.32007659 8.56496558419 7.46434470446
5.00018307726e+15 8421.75402629 6818.45454007 3.26384198889 5.80569473537
3.45800245537e+15 7728.93071506 1851.60006779 6.60518029739 3.70552158774
1.8383694151e+15 8392.38898642 533.587658895 7.53078421901 1.64193730867
5.94512477869e+15 9997.73830978 8534.69492617 5.00724559062 7.23853131112
1.24606295282e+15 990.37169469 4046.28230214 2.07248424971 6.58343119963
1.29680871536e+15 3338.7405523 4729.97839183 6.03020419866 9.57203796318
3.79068233696e+15 3399.92378838 4981.00208838 7.25242462024 5.33705438839
3.20313139138e+15 448.760087651 2932.0249501 6.84073546888 4.81804347147
8.09441124855e+15 1421.54608623 1353.35698674 4.13765412262 8.07854589663
9.60149020642e+15 9068.24083079 1270.24412147 3.66150888863 4.75323839884
6.7972637467e+15 6632.7534211 8675.56481757 4.85440094846 2.47169803886
8.60741540006e+15 3074.76425313 9514.10670664 9.22271661578 8.5768331343
4.82727747785e+15 5164.41506814 5933.50536082 4.28523536721 8.61760658018
7.08045311714e+15 9764.03574504 9114.32212187 6.98471404869 5.73370859286
8.25155699061e+15 6183.19976881 2555.26855148 9.98859320411 1.44652161797
5.54335131749e+15 4098.25939699 8248.635269 3.82225980215 8.11665855617
3.78311046117e+15 1478.02297434 921.031147555 2.88642821829 4.11127711393
6.27278122031e+15 790.169563995 9374.17491544 5.3611427013 6.29510022667
1.76375855128e+15 7083.49971053 8615.52137789 9.79492080968 5.82649718095
4.49326864633e+15 9313.51873667 9915.10286376 9.84013271025 9.82972463769
6.37967974081e+15 9996.84941716 7916.13471184 1.63728429087 7.58575263447
3.41498323946e+15 9686.62831367 7464.50486906 6.17761262201 2.26790290034
1.41620764349e+15 108.768478148 5248.33724682 4.65943346951 6.68067194157
1.6334731057e+15 9545.69185263 3666.64014869 9.6225828569 5.369705511
3.88215619101e+15 8497.1913738 4313.00714562 3.25048826837 1.59606966452
2.04650068245e+15 1600.40717908 8741.18635521 7.85744398451 5.50974154807
7.08000501338e+15 2906.71473279 8288.72417197 5.85718214579 6.94989709474
8.98179622166e+14 7723.44783236 1851.61801159 8.71903864116 6.93236293568
4.6534749474e+15 8022.6823543 6960.01612215 6.96433882277 5.73063187766
9.94235029676e+15 6639.22475738 8959.56316557 6.08346834571 2.8587575103
5.65502580197e+15 8304.85618085 7310.4002293 3.25024678211 8.1738422653
7.15509609369e+15 7759.30305034 1580.01609315 4.9178089614 9.01319426002
2.20181208059e+13 4227.65697879 5697.92749648 8.52183183448 4.71344100966
3.78666575388e+15 9465.44308167 5067.82455014 8.23492125456 2.67266635921
9.8720839811e+14 6448.99531369 8793.90938812 7.24795409441 6.28763884341
6.70323036172e+15 2668.84335778 4139.02342081 7.56787382182 4.13997456622
9.58791568929e+15 8780.14897449 4815.86467132 7.93995135982 5.78947158508
9.54002076984e+15 3903.80765182 5599.57230281 1.9414558251 7.38907009251
2.35660365393e+15 5039.03687912 1931.77932478 5.5624235799 2.34882967353
2.71622095686e+15 1267.75946163 6939.40484928 3.10214623336 8.8699684895
5.18095423283e+15 8851.2946802 1501.71988284 7.07945011204 1.56981106613
1.81344499726e+15 2198.3212411 5065.31286246 4.81093837545 1.88661978175
8.5381046149e+15 9154.00137381 7176.48205378 8.62941644751 7.19805605628
8.51001270045e+15 5493.4352649 5805.01492834 6.68329675092 8.60624296866
1.86686480842e+15 5112.65112169 6677.13403774 2.1899258826 3.25024436886
8.36869199557e+15 2997.42309446 5319.28133011 2.54647036184 6.17594193259
9.46132631268e+15 1413.70613696 397.481957171 6.57418551886 8.26842776316
6.10830117411e+14 679.927753198 7047.74368595 3.0226089651 9.80102710964
5.05820849419e+15 1003.838846 8064.71408978 3.53651552138 2.82504990099
4.32014434843e+15 7097.06019941 2441.94951549 5.37898044897 6.49745431388
2.63945237053e+15 6427.99243243 516.503834662 4.01195981642 9.56229135533
5.42775488649e+15 801.003521726 776.395320493 9.25377488812 5.2693296378
7.55305229043e+15 9754.98922249 7163.85244062 7.95935914489 7.3021526391
2.69743852128e+15 2394.02562262 5803.9030092 8.64188474153 4.05029193269
6.89688564938e+15 6669.86162829 6361.33415321 8.39847295085 9.67820872258
3.41380087079e+15 1534.32902295 8759.90008246 1.57545646332 4.00531518406
6.64803764559e+15 9135.31352138 7656.3247093 1.13254300617 7.6594361019
8.1354054329e+15 6195.40731385 6408.0695095 7.56753472508 4.22542932604
3.51446835091e+15 8002.79983873 6465.78770346 9.04164388967 8.50138333083
6.51265435759e+15 8461.11769988 8885.72788833 3.62928369504 1.90909290487
2.27659704447e+15 8278.36856047 824.062757498 6.22602373581 7.568824263
4.9213946835e+15 2908.15244772 4034.8516285 9.75973389142 4.71452096667
1.78160963075e+15 4760.49420992 2649.37432462 5.71309417531 6.657597261
8.03260578999e+15 3952.5630005 6123.31913834 4.44561829062 6.27230666757
3.70911656628e+15 3817.1745756 5718.56795708 2.96769880205 4.63519522293
7.88210322523e+14 4644.10990268 2376.16137383 4.97813514921 3.01343132088
2.55202364565e+15 9844.60940196 5653.5412396 6.72295058644 3.82459971053
9.32344841676e+15 3991.50867711 6790.6662278 5.49615170661 6.79319176224
3.39238637039e+15 3281.37646555 5331.2795053 1.23341559698 2.38341317168
6.69615066056e+15 2269.166091 3557.32541718 8.17670025659 6.63854389063
6.12141195265e+15 5615.20164944 975.183089804 1.51254887829 9.4095643627
6.37879098946e+15 3216.98083031 7643.866807 3.42698286768 7.9866283882
7.35037559022e+15 7773.29553053 7579.95437287 8.11371652538 2.00526453663
7.68889417722e+15 1245.59515853 7091.81886683 2.43450205508 4.87535589593
4.68857280616e+15 450.613126021 4608.18461511 6.73602773844 3.29479851126
5.28772760939e+15 6298.25224832 6152.54148706 9.40858594234 2.06551091204
6.77827212723e+15 2201.25285351 7484.03407815 6.41320701852 2.85521970169
3.6035212733e+15 2566.75904306 2333.52908878 4.35389105752 4.77204686963
6.00865194323e+15 6538.89419123 6934.80091276 6.70226292047 3.25032672703
6.90349163977e+15 932.622058931 4842.02776343 7.44415365028 6.33164136508
5.09675483419e+15 2579.12688058 5767.06036974 1.46053508382 4.28621353164
8.57187753852e+15 7664.48840349 5566.77347588 1.53959855561 2.23222482723
2.61700151342e+15 2512.14272482 1223.70318891 7.96828041636 1.58269291417
6.0906402639e+14 2295.24475461 2064.43119838 4.38684081902 1.05395071676
3.22643543572e+15 1938.26590923 8211.07905207 2.8980271688 4.6256342235
3.45405424285e+15 8083.35182128 8333.28931811 5.48497783311 5.30838503584
7.92847048804e+15 3990.11843588 2968.97550767 9.74121286002 3.10085688927
5.85329008124e+15 2246.2659299 4470.32906659 9.47979153009 9.3156904215
2.22649377232e+15 7885.4497145 8317.87317816 4.32383460645 6.49135077297
8.0709489304e+15 4168.12179552 3763.73800408 2.71207568901 6.11173734932
6.82830030175e+15 1808.9154116 2107.7752384 8.06133690617 6.63019172027
7.28576178174e+15 7124.21702111 8788.65305218 9.77389009067 9.41871872248
5.31330286174e+15 3826.54846667 3686.92837654 3.79299918387 5.33248303801
4.01501969562e+15 9976.39776792 4746.94135603 6.78788711766 6.26030677379
7.77313269663e+15 1273.1314688 1546.65787331 3.99637646655 8.92796509049
4.27615656458e+15 2913.47810407 6090.85123347 9.60223175228 5.9907954928
3.58017018147e+15 3156.66862504 9222.58754159 8.88508408127 3.38093238246
1.60326564079e+15 4556.85290821 4368.80278813 2.60288527918 4.56440855849
4.37518078567e+15 8581.97888931 7022.63810169 5.65279516978 3.73966494902
5.67305001646e+15 4518.26711442 5459.35458133 1.7497082148 3.82754232787
6.25033073687e+15 1676.89143224 2145.93971079 9.53470213378 4.98507665765
7.29761995428e+15 2776.83785059 2021.11252681 4.24510164611 5.61422415063
4.71770627068e+15 5667.00071771 962.634069241 6.37051358717 6.78067716657
7.22288118982e+15 224.328506412 1032.10173188 9.32519470591 4.75922795741
2.73103977503e+15 1383.9676544 9049.0088363 5.66255679864 2.60542981753
3.90741167128e+15 5193.5672885 4655.18949214 4.34441962666 7.19916912087
3.20424884169e+15 4924.5907943 3496.46182368 3.42066481995 2.1972594986
8.06893721729e+15 9305.50741098 9921.78118685 3.87362851505 7.42543630439
5.6620644337e+15 9836.68817957 1033.43614056 6.50847845556 1.45137501936
1.51156006577e+15 7709.96468194 1742.79620494 1.33115871475 2.06353008408
4.724078163e+15 8360.21711247 748.971938446 3.81401526778 6.67214207254
2.50884360071e+15 523.253896905 1280.16125406 4.51324937709 3.59013633933
7.42344260837e+15 2762.83643342 7718.53996406 1.92794764351 5.97143555455
1.28206786308e+15 7972.85319864 7229.45796274 6.20589703098 1.82381188075
6.88645782445e+14 2811.23082591 5526.92318601 9.3203462401 2.67443972248
1.48535108984e+15 7709.39275341 6721.29151361 4.53622449303 1.44066520073
6.99343228907e+15 5891.78040103 5146.29463884 8.39650615525 6.13233668419
5.44009063904e+15 3047.70751717 1466.61810129 3.01068615045 1.78486679967
4.01683155621e+15 5187.28000716 7985.55386375 3.47924703946 8.68867887049
3.81595087659e+15 6514.8388136 543.530171453 5.70914302408 2.81702237773
4.072083051e+15 8534.76360155 1730.6436415 1.27528454859 8.19483034692
8.84486299313e+15 616.604522974 3545.137225 1.63027701443 3.23080539101
1.12679825847e+15 5045.9107772 8558.84533053 7.83285670945 7.03505235558
4.30605438296e+15 9642.9914475 6749.89763841 7.89098759478 3.74957339339
7.73284221076e+15 6910.60619678 7145.48658833 3.0275719636 5.98330810857
9.04178216631e+15 4381.67635758 5767.0012462 6.04462875052 8.17057180443
7.8222984051e+15 6845.78896877 6184.75219238 4.11050169995 3.61395262566
7.05239387981e+14 8801.78793375 6440.3984109 8.10430213714 1.83622062087
3.00897172871e+15 9630.44696685 5337.85281399 7.36915119744 1.45410496425
7.20095753971e+15 7790.45572582 7156.29841536 9.36506123083 1.8033878796
8.33204266409e+15 2948.28132209 3322.17515694 8.82578953763 7.85404624152
7.4233928277e+15 3617.13916565 1512.5981116 4.71289431351 4.63945874382
9.33130500313e+15 9833.00712027 8725.23013749 7.45701742713 3.41117984206
2.41668471439e+15 6341.90775351 9049.98804306 6.61348730494 6.41893206475
2.2643338395e+15 3675.33731905 2054.12442394 1.78638173933 3.05011479374
1.10553579169e+15 2444.11090322 1636.25626579 8.9399582198 4.86365623521
8.77350278325e+15 9957.11372342 2488.46264765 7.24087844841 5.77057352084
1.43225414388e+15 641.211553823 5238.89052675 5.55918196722 6.64170383014
2.54814027632e+15 9698.11577879 6421.76171584 8.37324313171 1.35748717865
5.28851317237e+15 9482.44123541 9209.87710684 4.36713092894 4.3611516461
4.43838691755e+15 3786.94977759 6199.55937708 5.77618892352 3.13885417682
9.70181716089e+15 3738.00320822 3816.98363482 8.63456845105 1.53860503034
7.04016012294e+15 3424.20117939 2133.86152215 9.91766288497 2.01170707715
1.88536471634e+15 3329.83444119 5930.44595559 8.40838054213 6.18405591683
6.48959513348e+15 4715.16540337 1215.79193323 2.07341745272 9.19634163025
1.00690514708e+15 8435.11635797 4191.23689973 1.02578098862 1.92305190709
8.15688001812e+15 7724.54796408 7955.64195989 6.30082360994 2.16273628691
5.27246874206e+13 3921.92258533 9856.66932809 1.71206546405 1.52309351132
4.70915221105e+15 9924.20605208 2095.81790954 4.66745605848 4.65753703271
8.84297326649e+15 2926.87262255 3770.97840041 5.24267033779 9.75929885641
5.66225994678e+15 2961.0446882 6023.54054562 8.67121154787 5.99001497311
9.3625303154e+15 5367.60145381 5829.16328275 5.17729785075 9.64489644408
7.4764766512e+13 8835.53073989 6603.92513471 4.32881349042 7.34245411251
5.00692867657e+15 4501.59900497 1657.98917242 7.33091605181 4.06836441333
9.53200026538e+15 8370.90891518 6873.3852528 1.14465321631 7.02801305778
9.58137497379e+15 8716.23880127 1914.59197148 2.20367885585 9.85397401583
6.63271626488e+15 6973.56344448 3975.30925481 4.32643773284 4.77415979517
2.36598076058e+15 6419.90535234 8389.22579922 6.9315179908 4.69951501555
2.5708282856e+14 8677.29533583 8170.71687543 7.78177946306 2.16319542339
8.32753730428e+15 6297.04455483 3184.90233114 9.53058762523 9.46080911253
8.54921142577e+15 4695.98349158 1378.58148389 9.22046633149 4.79093691565
4.17269365811e+15 8255.09714305 1103.78237988 4.93682190862 7.51127565936
7.00751846262e+15 3057.75140083 7126.19334497 3.59509496619 5.42088475756
2.12764540426e+15 4719.21114323 3820.16928733 5.41208287075 9.89802509564
1.30318997315e+14 5775.03990949 6145.30058838 4.55576451858 8.20103029381
1.25503750965e+15 4171.89882652 3645.74597644 2.94511635687 1.90794088289
4.32184989821e+15 8126.09061064 9130.21605512 9.27609413106 2.1042575154
7.36450331113e+14 5503.32978482 1903.18183594 9.5221179821 5.36645916154
2.33575597948e+15 8423.63715038 7895.6295823 5.39255473764 7.35392597828
1.1918415819e+15 8978.30819035 1404.84724188 9.23006921593 1.62014291921
1.55299891962e+14 9617.96234703 2758.87308084 6.08775072279 8.80379974814
3.63262350414e+15 9861.86569851 6071.0489458 8.21986138227 4.44172639457
2.17204371967e+15 1696.30687936 2021.74857636 3.93965347913 6.25422631433
2.42964817897e+15 2256.43765361 246.966983952 9.16106622423 2.31536897702
4.80717302575e+14 6619.20253772 8450.20015626 5.63694220768 5.65935582556
9.06691269598e+15 993.221883001 6404.30897935 3.33838927831 9.8352731258
5.67500178135e+15 1651.19542871 9792.83866548 5.33269291011 9.95884353921
9.5877490478e+15 4198.46532964 7986.46801245 4.44979549015 8.59934145386
9.17769904504e+15 569.313912779 9691.87169649 3.07756241399 7.41011000432
5.62491896478e+15 5145.55078227 7949.77395986 6.67018963067 1.90477100703
4.93947123779e+15 4006.21249806 9214.04083102 4.0111112702 5.46135047807
4.23405105009e+15 2748.07377987 8110.53861421 1.78563608591 8.97588865431
6.28345670031e+15 4755.94606623 8647.04634901 6.30560232708 1.05941878377
2.9075912306e+15 4498.09550165 7093.50627243 8.03964187043 4.82198575349
4.0651411527e+15 6331.19166642 8070.86318781 9.21306447629 1.67103776927
2.81017780057e+15 4605.5342509 3714.0935369 5.46686021545 8.19271030089
2.12428471694e+15 3731.81947507 7529.14220968 1.56791086016 7.5069461369
5.37779626207e+15 4720.67014358 3599.12264846 5.53099283295 8.07777445247
8.83203784581e+15 5537.05065005 5729.47698657 4.09255742846 2.67873907425
5.16973902299e+15 8647.40102053 1677.96001683 4.83625104114 4.9447218113
6.37849430611e+15 4391.72211453 3943.13783512 7.10187355228 7.09520110217
5.05169486112e+15 5729.61423523 9831.46852907 2.07015991904 3.05514211969
3.97935746041e+15 1824.57855773 3186.48473684 1.58129779377 9.35263441797
4.76353379839e+14 921.566220506 3887.49660932 9.16415348634 8.43820711952
3.67520174201e+15 1552.97852187 664.816410779 5.43590117619 2.79397136662
5.8307527354e+14 6691.81491867 8814.66362084 9.30419894028 2.56738992069
8.63111354396e+15 193.494207776 6287.5818855 2.66943312841 4.08321291389
2.54732727996e+15 8899.00928382 5730.18580257 7.3327799137 8.76078071927
4.40089867568e+15 1927.92357049 6719.40351622 1.60205811057 9.61309022188
7.99167059987e+15 4963.34514736 5315.90343445 8.99514871803 7.6719819778
4.79500650013e+14 731.259722446 9139.12519145 1.69166909032 3.51369049083
1.11195738708e+15 9059.59244868 360.241869238 9.19575263852 8.25859818781
2.64539346377e+15 5376.23154265 494.37834832 5.21810070031 8.68724998689
8.40249846361e+15 8242.2930589 2739.94920694 2.13986438322 8.71940010948
5.14555316772e+15 3451.74251039 7952.23484342 7.58385335619 6.62610580389
4.91926133409e+14 362.061912056 2822.20967861 1.99297598311 7.8776317913
3.37006132269e+15 3380.29491636 7262.88125522 6.7333926987 5.03470052925
6.07826693832e+15 9074.89685384 2480.27541331 5.08651576462 7.12289897251
1.30725490653e+15 9732.59393219 2203.06027662 4.24847973129 2.05147030412
8.8000613845e+15 8182.85400199 7422.00683668 1.13927040686 2.15573488088
4.86681695282e+15 7447.45967755 7925.90043156 4.975595274 6.702535498
4.141326635e+15 7442.68576034 2898.93936975 1.54445088224 3.62385304965
4.30921006339e+15 4804.41167205 2159.70084752 6.65367145802 6.69314796365
1.84432196238e+15 618.628238023 3875.34095043 5.1268934317 7.54475361522
6.18816462236e+15 8563.96703166 745.731240658 1.66561307507 7.42047669205
3.29879040354e+15 2810.4288024 5020.15023621 9.69821912155 5.61531948544
6.24022499395e+15 917.580287477 2538.91137299 4.82139750239 2.40293957104
7.37549562587e+15 7119.84455383 9803.91087494 5.85141514762 6.87602878377
6.94226331462e+14 2317.80261534 2116.01961143 1.90812092428 4.88548769711
8.40933798594e+15 8976.10883245 9373.72642223 2.5879803494 6.01805899871
7.80338241961e+15 7878.18810827 2450.96360451 4.35465143231 5.77927787634
8.4837614692e+15 2921.10538231 6160.12384005 6.27242966479 7.08354166612
3.1728766413e+15 3163.41543549 3745.31411533 2.40520093608 6.46523564804
3.05359051968e+15 1458.97690989 5244.70139655 6.22482832544 6.0513007384
2.11102771831e+15 5298.23833571 2037.61546459 4.1235219273 3.87508429405
6.42432864218e+14 7189.65108931 3658.981823 5.7316005591 5.39152543765
5.70732261035e+15 3029.60847652 7365.95216096 5.03063023432 2.77546271024
3.19183340913e+15 3562.03454604 7923.63586946 7.53222701087 4.14088587141
1.48499561714e+15 1707.79124017 7798.40794543 4.99658921564 6.06769980629
3.38731384736e+15 1500.8538881 7792.64081978 5.95147627435 7.9802276962
4.07739934306e+15 5271.56475509 4005.68178068 3.01070961374 8.11129581854
5.28126066506e+15 3501.08113904 5149.84025105 7.29121172008 7.92623924749
9.18565189199e+15 2231.04785792 9951.07218132 4.94362091863 9.7173155683
1.8308565625e+15 6223.80908185 8792.58117056 3.12348596909 3.92884248093
3.0558060576e+15 5898.13723674 2068.79562132 1.31275896462 5.35569993658
3.97546823686e+15 504.198077337 427.76860829 6.71009672469 6.30997634129
6.62117887982e+15 8222.0126675 771.431939754 7.72965040155 8.14270277253
1.09662242216e+15 2683.159177 9112.04262085 6.25085909226 1.27755492476
5.8533637042e+15 8335.89331971 4769.14981074 1.04685421462 1.9796567027
3.20384456706e+15 8935.9582233 5416.19699579 8.47669567974 3.83837848768
6.62046448961e+15 5352.50883934 3217.96151547 9.28603011626 2.48068751643
6.77230777103e+15 3720.38260575 8456.55775464 3.30884334738 1.92028802973
7.00951345918e+15 5316.35504067 4443.55582916 7.84211167722 7.58294022152
8.07382484092e+15 2955.14826091 4882.43103812 1.39825975568 3.95863107547
7.01260055091e+15 4737.27873502 5475.40894121 4.9093880869 9.54899727017
9.277958009e+15 9481.34037448 2399.12728795 1.27269420007 6.61603079219
9.92595325945e+15 6629.73626455 4680.75615892 7.63971723494 5.58351210149
9.24567925454e+15 3864.56047442 3385.05820894 2.77426924199 5.39379487738
2.78853164059e+15 1637.01046102 5633.86148985 8.02914907176 8.85999632997
8.43835831044e+15 2547.32625763 6258.59786365 2.34449124019 8.19054780761
4.43202811001e+15 5143.03051689 5801.38349613 7.75933892902 7.34527255345
4.7263018417e+15 8709.67237067 3051.34956461 5.51518171235 8.53357494067
1.18488289732e+15 4159.46557396 3771.18399033 4.86549459985 9.68689246404
9.34706343945e+15 6530.37062048 7925.6936187 6.84665206545 3.53191219852
6.67925941166e+15 5270.2198035 4980.54467006 9.4416011009 6.93048465702
7.50808190981e+15 2360.79719918 7046.22329109 7.86547347944 6.35340367444
1.99271624304e+15 1393.75603781 9753.67227058 8.4244604445 7.17558581432
1.95037085535e+15 4489.71721611 3879.76757035 4.89869341615 2.48107156966
1.29130436553e+15 5090.92746898 1334.70533067 5.03829244094 6.73833065243
1.72034459009e+15 5825.52888192 1226.10507903 3.83648707599 4.30352648758
2.76740548573e+15 9712.19143654 5486.53845886 6.49423965325 2.56884927187
8.73699063573e+15 973.29626625 9663.30910075 4.2474718805 4.03628723394
3.79940988477e+15 3371.83875077 563.68991594 9.77109534625 8.51291120142
1.18882988852e+15 6834.48258873 5065.62366324 7.10197609564 3.32368880329
2.81027872322e+15 3924.32066674 2402.65402374 5.98782130387 5.73730292853
1.70697646627e+14 4043.72896442 2747.37301542 6.31063766283 9.79275151782
6.4522608016e+15 2454.13969718 7664.21947755 9.74355567556 8.02462814126
6.78907109298e+14 734.036770566 3014.0492297 6.00382830824 4.19011674274
4.689149878e+15 3308.32596222 6222.09299987 2.59932399126 9.80875276844
3.21158198853e+15 5642.67114358 4718.68702624 7.75780527549 3.31210375355
7.88815014823e+15 4712.22513371 4748.82576938 1.06977596249 7.74659309908
3.01852855564e+15 3364.62249861 4369.80515645 5.60372441382 7.42502944779
6.38582673512e+14 7953.35253334 9766.99712078 3.10726209096 9.66594446468
4.4652143654e+15 4928.38861042 4069.20272042 9.90805973061 8.98507718352
1.64302919027e+15 5338.4647973 8728.9053785 6.61581133659 7.44204930566
1.56511587778e+15 3273.62573678 2714.11145339 1.00611430238 1.75227519014
3.95695875912e+15 503.500796069 9934.54653286 7.20208436789 9.5175550678
1.27004219195e+14 5831.12515347 614.867774513 7.96158113153 4.27155341389
9.48072732595e+15 1033.97751307 777.967749145 1.76267507984 7.90816529814
8.07532226558e+15 6643.71251726 8580.4664233 9.46459744767 3.3504129256
2.21999675702e+15 8389.38726772 8964.83069051 8.30669669257 9.48731213155
9.08925384022e+15 5157.11855578 9877.42817941 4.38863447715 8.51052150693
8.33133405279e+14 463.151404932 6169.46261957 2.64731619172 1.37851617855
6.21024532365e+14 3970.53261865 5414.97119381 1.93534453866 4.55353071513
6.09425082264e+15 7984.43758055 6075.83093528 2.8201675873 9.04223444424
3.28344441043e+14 5950.32877994 6375.5371645 7.77327494629 8.71427996067
1.33327173986e+14 4347.96406667 520.847619103 9.73405932572 7.62922308302
7.76719194251e+15 5004.31625648 8574.2394619 3.85922554273 9.1737750793
6.49705907804e+14 5126.90311337 751.372681704 7.71125147781 4.31242901284
9.75870829175e+15 755.862781345 7318.38342935 2.9131796884 6.12034323563
7.55109164679e+15 9943.62936258 9200.41084566 4.63991602576 3.71795021983
7.81159886428e+15 4510.80107915 516.296542422 4.79915042665 3.49010675992
1.81165086501e+15 3054.58146696 383.938350168 8.07990702523 5.06112687753
7.54283048545e+15 5047.68070269 2925.56425553 7.40995477727 2.92977385679
1.47633050492e+14 5927.15027355 6518.4476654 8.73153175158 4.68928610057
8.08156139419e+15 3900.36542443 6593.85202632 7.83886191724 6.39773171005
6.20982127261e+15 2026.55335248 1149.25675994 7.59625927434 9.46684894071
1.94680560329e+15 6559.0147598 5129.46391021 5.33954791398 6.68599333369
1.60403185155e+15 778.836413432 429.275945243 9.85284092016 3.92373682991
3.31751642146e+15 3112.66132712 7205.62479602 3.31897675364 3.16612019569
2.4353834343e+15 9621.36664845 8146.01061859 2.47753875135 2.64464233203
4.69247908705e+15 4556.56748372 9027.40516876 1.98611933293 3.59866333316
5.62602890983e+15 7230.898097 6330.6597514 1.31820057732 8.92519072049
9.92656982917e+15 7313.99622702 4953.36603708 9.12380177104 5.27979393985
5.48009126156e+15 7293.50646699 9063.14093432 6.60621454697 9.19670649026
1.30219557647e+15 2145.18886956 8359.90518312 5.84990146666 6.30019911217
1.52771275661e+15 937.448754103 193.121357147 4.40236125392 6.38082770973
9.97961978843e+15 7049.62362556 7061.98557554 4.81809734172 6.28358507668
3.85697960211e+15 7645.46233974 6875.93282297 6.73399588104 8.60362579906
9.56725962954e+14 7230.01008358 6154.87505702 5.35068909595 5.59566841221
6.81153323142e+15 1109.08991571 2797.12921909 3.86003369204 7.44669868685
3.2339135651e+15 906.32611575 4973.56222199 6.12829538483 6.09927018964
1.29589713989e+15 3460.86448101 3810.76323997 4.30152323573 9.64381735181
9.43374464015e+15 1412.93438608 4645.8876584 5.57528302631 6.12365800677
6.15764699249e+15 1364.12030171 4739.84862486 6.56309427049 4.64371935274
6.79999685859e+15 6302.49235561 866.405104324 5.51048544918 3.43838289259
5.80809826382e+15 9504.75602628 6737.27708187 3.34341864124 7.69499625379
8.00823858277e+15 4325.39735161 4863.73162419 5.88548476265 6.43258907674
9.36232769334e+15 2948.01415778 9256.13676279 3.88588722028 3.61273664581
9.92785235869e+15 407.406039952 3951.95210342 5.79159884706 7.57198582873
2.31967038664e+15 2852.06938431 774.884573648 8.75879538628 2.11742834934
5.38109639234e+15 2266.45971075 6692.4874094 6.71809257501 5.0285494255
7.58499686556e+15 3149.01528937 1089.41569105 3.45182458666 1.61403995623
1.88044810567e+14 23.9182444887 5326.40528886 7.00517077864 1.40631919664
6.81795022676e+15 5251.87425849 6222.87705901 2.98133838591 5.90492012002
4.43143502263e+15 4007.45874378 3209.01204848 2.34937128608 6.87560896523
7.5163007942e+15 8628.83811206 2897.72567078 1.22615454911 4.34234889012
3.0404620165e+15 7970.27809708 273.719193495 6.62940737279 6.99555975323
3.55037915795e+14 4837.10404697 4983.24007614 7.05447535528 8.42299801341
5.18262737741e+15 8320.51723308 4824.34472842 5.83942031048 3.49943167263
8.50480602072e+14 3298.95093438 4118.34013032 7.35986827508 6.65400727324
6.91176776727e+15 4160.71543105 5339.74815708 6.47133748906 8.01823348973
7.82661740924e+15 7906.71788045 1796.03416189 2.29390800208 6.55481492159
9.76821619502e+15 5083.56459167 3496.4460825 8.79372371238 2.0166879916
9.22837096319e+15 7510.99745236 4032.65339939 3.55758673029 7.22659885312
3.58279019409e+15 7792.63654658 5166.29301991 5.97450121514 7.93091759392
6.60911599388e+15 3241.1407046 6429.77388732 6.40515600289 2.18616098517
8.08275141632e+15 9305.25700555 2855.72136741 2.00059248649 7.33984287694
7.73667010227e+15 3708.84589466 9094.59251908 9.55539914866 4.18801362772
9.17984917076e+15 8922.66623207 4757.96357691 1.49772043407 4.88631347676
1.57468486735e+15 5082.91446235 9574.27805259 7.72482961144 3.6248393997
6.08677434361e+15 2511.67393569 3074.4199764 4.86625120415 2.55516604946
5.12391374559e+15 4288.196122 9650.05226742 2.2449128972 9.35176687869
5.13782077636e+15 2834.38171116 6298.82501256 6.05275399415 5.61221682755
5.23760572902e+15 4387.97691947 2485.14193556 9.28443802902 4.52534308001
1.77523898918e+15 7170.19597106 787.659426332 7.5327115673 8.48065344439
8.99366675041e+15 5063.1659972 691.216921272 3.85670732137 6.37060465461
3.57063222216e+15 8645.55330337 8475.15925926 8.8615242682 7.48644296745
6.21636025306e+15 3573.83392363 75.7125642327 9.19354097615 8.06282798429
5.67115219673e+15 8254.34665764 8207.40641595 1.15384858551 7.10703148976
3.73512383317e+15 3118.24952962 6186.0266413 6.30174178602 3.23614489286
2.34937996849e+15 8473.86289605 4725.47331349 3.00130746762 1.49964791836
1.39317072608e+15 4508.08821233 5166.53104161 9.29040687675 2.3490550811
4.54629298226e+15 3933.72836574 5155.45530324 4.3444015895 1.20206520171
6.80201852793e+15 3245.90361723 9856.51756823 2.46976492401 4.09876955328
6.08094567823e+14 5173.41183643 8407.16905195 7.28040577562 5.17739418589
2.86854645003e+15 3704.93394391 566.441060921 7.10524059673 3.9989106935
6.61454524615e+15 3484.5055002 4200.28920023 2.21995563618 1.38587301065
8.16482900902e+15 1230.93631218 3675.07763321 7.77203468196 1.79741230341
8.15293461065e+15 2199.14166655 8514.60306043 1.39682541321 9.85918657978
7.30865105462e+15 8880.5901082 1167.0746256 2.37216150091 2.47157662942
3.83768299484e+14 875.456627379 5845.87435543 5.61842941008 8.22900029901
6.72587122127e+15 2350.80445067 5407.91793188 3.32515755643 3.41363461498
1.99005244892e+15 6371.15735613 3188.65753533 7.44862527873 2.61935490399
7.57109199828e+15 1402.85681369 5839.45178326 7.7597354713 5.68177305248
5.75022293036e+15 129.484378506 7390.75818723 8.59548851798 7.97329612955
9.75846697495e+14 2418.47673822 9219.22285589 4.31699314051 5.21648692088
5.77443435961e+15 7321.93518183 5730.9699413 2.20291560192 8.31864275926
9.81743940628e+15 8256.12013069 1434.81539324 8.14470535183 7.06512419475
8.79039313533e+15 4111.40389283 2008.14340518 7.16248602735 2.12680018796
8.76368879764e+15 6627.18824219 5313.82280782 7.08443704568 4.89010834804
7.9905663682e+15 3369.02887745 7391.36972872 7.84384197494 6.89041809305
9.93015770688e+15 2772.97913017 117.613323943 2.1272539754 2.95704964622
9.31144770798e+15 9186.20732534 633.015223984 3.12978561269 1.49349305399
5.11027815144e+15 3154.97177076 782.989813733 3.01430604493 8.99822467788
4.42366449568e+15 638.615562282 7228.93175289 3.1373659832 5.35204971938
8.83877426236e+15 8071.94228193 2603.2245163 3.13949917027 1.62979901982
2.51960804658e+15 982.673594967 4807.44250498 1.70382494272 4.33576498151
8.37938292089e+15 482.15046384 2604.56249987 2.20342950561 2.85101338798
3.68207821321e+13 305.905986284 5105.89846026 8.04272518479 1.28496319123
4.61353364496e+15 8106.23331746 9129.72719662 8.52458773881 5.39406626973
2.29601095672e+15 370.116423678 5809.97833785 6.87187696149 3.19976487484
9.46665633847e+15 9439.43096468 7725.35695702 5.37793455214 9.22883030251
6.48913556722e+15 6132.27396944 5091.8594841 2.48349709094 4.01136377912
2.30182655617e+15 2669.96076633 5218.09051768 3.74974538476 7.43398332805
7.10209314618e+15 628.910673702 4270.93829577 7.24457626397 8.00372095476
3.09475528066e+15 2190.56936835 9193.154355 5.47403376384 8.62976580316
9.38096852756e+15 8128.52832253 3434.33091048 7.88517860357 5.62689989553
9.69115306625e+15 3652.75390034 1868.56423225 1.57794339786 9.77386534854
9.68948378835e+15 7733.1450057 8314.92368621 5.91477383421 9.39067361601
6.79256156977e+15 3007.47839932 7577.78994277 4.74896567369 9.79842480122
2.40182393381e+14 8506.01955056 7496.21584908 5.3992424117 7.87515606385
8.82992896878e+15 9698.62535011 3304.21244577 8.58007521677 9.92441521682
6.21053821385e+15 5123.88213182 4654.2225355 6.61892291134 1.97522427411
3.3318786919e+15 9379.45523244 7510.35037786 9.4694270254 4.64522047669
6.86056171634e+15 6707.11054587 7576.80043633 6.14824035835 7.33306077284
1.9901508818e+15 6604.97437214 360.549211174 2.73487620194 7.82644506887
1.61880227245e+15 1780.36919679 9003.91395099 8.96133510212 2.9402589969
4.10583391461e+14 1161.75608047 1115.18208848 1.54281966682 8.04065825633
1.7347424829e+15 3905.31819955 4119.34200102 5.97444047777 2.8829016822
5.64298868205e+15 6894.39339879 4450.72217328 2.75131178084 6.52846243843
2.68343090257e+15 4744.79321165 1675.32468655 2.03227575571 4.47756047424
6.32587723414e+15 679.687671855 5099.09359387 4.18057487839 6.25922615855
3.29574551937e+15 6796.1795328 1055.09809574 3.63208966401 6.18382530863
5.9140641965e+15 6380.84449777 3987.48454608 2.51082762957 4.2249372541
1.56502813983e+15 1525.3434252 5371.63375559 6.84050741721 4.72903013742
5.97856098462e+15 5606.48129505 8559.19684611 5.00365063485 8.44973225754
4.93807801435e+15 8870.38959741 4146.21366318 6.11467449329 3.19258693526
8.65659581951e+15 192.208299046 6752.45013958 3.66879163936 2.70420607961
7.73571979842e+15 5899.98985642 7579.55178914 6.00076221452 5.47954319761
6.52244111036e+15 5108.77281606 7104.55648902 3.7985594026 5.50238550611
5.68286562373e+15 8859.27801111 5949.39092042 3.53726005439 5.53015282619
4.47857436539e+15 3928.7635393 84.5347586184 1.13500479472 6.51999543684
7.59820759507e+14 2819.50620545 6102.35407109 5.70260332427 9.16199002017
1.01896672585e+14 5006.75484835 6983.35765874 4.45184808033 9.28483789995
5.84826766667e+14 7467.97434282 1450.50943805 5.53937327648 9.13081399738
4.4213010071e+15 7082.65832038 5657.93425073 9.97341147211 6.79823048955
1.72329773825e+15 8413.26436582 5642.61120781 7.96362797217 3.27894633534
8.24140411477e+15 3758.06105796 8039.18256169 2.11723078966 2.22195662927
7.99331676789e+15 7107.32899688 8184.17586257 7.85080827219 9.00064305524
4.14446468546e+15 8984.47690154 5539.54617606 9.63451299825 4.66348746518
4.38254037351e+15 3801.60557434 4589.10157928 7.37373869657 7.21149646103
5.35589935378e+15 297.364787633 2189.46920306 3.02556686147 8.90906105572
4.03824940274e+15 556.715889063 5856.85499949 5.05768898755 7.37776033891
6.48545111376e+15 6540.08750329 1045.47938932 6.42933298553 4.52005146248
1.02880834453e+15 3029.99261383 3105.43104688 1.90371053927 3.65088740605
4.94751296164e+15 9876.58762964 992.539369019 8.64639541411 8.75600047607
7.85832835185e+14 9411.53090502 3848.69197007 6.31536358891 8.18093289295
9.71092780193e+15 1002.49037307 1407.94427406 3.68867252091 7.08017427842
4.77139335967e+15 7106.33758141 5614.5402761 9.01726395347 8.7327771521
9.73066608586e+15 3451.63217008 8343.51614781 6.11256225049 3.82241409818
6.38530956003e+15 4296.20889939 230.610215464 4.69070505886 6.01520919531
9.70357240044e+14 1281.04649311 4217.70664814 7.25433419794 5.94640798397
7.75399883253e+15 3725.11447945 1830.10965989 5.2441833519 7.87691279103
7.963995473e+15 3463.34919864 8982.25562533 4.38458295733 7.66793028175
4.90773337531e+15 8925.28927705 8857.76119498 3.85800003448 3.03521600955
5.9901484066e+14 638.868067843 8680.03336288 3.91859821144 8.18577330981
2.29385662226e+15 5105.340932 1055.99739735 9.45069922604 4.76426504779
4.69236696555e+15 7130.68318839 9827.73138368 2.0752386636 4.16958007243
2.35391656246e+15 479.249475575 7491.94420617 7.97131009808 6.51696019179
5.15841365218e+14 1800.85720154 3570.99431393 6.5399204629 6.23930672569
1.47578488183e+15 5694.58123113 2949.52414306 1.34090426375 4.61979680986
7.23517967911e+15 6853.67465921 8840.13922191 4.40679414589 9.24498471179
2.56529285682e+15 1695.60440424 8972.6444755 5.53790722717 4.92054468009
3.54042056632e+15 8772.17381666 4832.84421049 2.00932424275 1.96203710222
8.85576082317e+14 3612.62130161 342.859787428 7.51381993867 6.58200243272
4.39346826849e+14 4523.83251821 9876.60945476 4.73498556255 2.78515688937
4.10051581427e+15 8.16951521381 8812.64825885 8.38304645434 5.90294799661
1.52999236174e+15 4532.0832974 131.759115742 2.75159162241 7.93204435197
8.48057707197e+15 1363.80334062 1025.97806707 6.77181501889 7.96696260312
2.58320596909e+15 4648.32080575 7463.14305961 8.33938015286 2.79677709867
5.96087234293e+15 5129.33406452 8230.20346639 1.62750136481 7.61651427397
9.76872268543e+15 2748.70137479 1349.35437461 4.42275372495 3.25076477397
